  1.2000091E-05
  9.0000685E-06
  9.0000685E-06
  9.0000685E-06
 
  1.4000107E-05
  1.4999881E-05
  1.5999889E-05
  1.4999881E-05
 
  4.4000102E-05
  4.3999869E-05
  4.5999885E-05
  4.4999877E-05
 
  2.8500031E-04
  2.5800010E-04
  2.7400022E-04
  2.5899988E-04
 
  5.3999992E-04
  6.0099969E-04
  5.5299979E-04
  5.1899999E-04
 
  5.0969999E-03
  4.9219988E-03
  4.7100000E-03
  4.7209989E-03
 
  3.7143998E-02
  3.7153006E-02
  3.5015002E-02
  3.6666006E-02
 
  0.3585600    
  0.3625830    
  0.3448150    
  0.3655670    
 
